Mesh: md5mesh
Bone: MD5_pubis Matrix N1
-6,257E-7  9,918E-1 -1,279E-1  1,296E+0
 5,570E-7  1,279E-1  9,918E-1 -2,619E+1
 1,000E+0  5,492E-7 -6,324E-7 -1,406E-2
 0,000E+0  0,000E+0  0,000E+0  1,000E+0

Bone: MD5_pelvis Matrix N2
 1,661E-4  9,893E-1  1,461E-1 -6,984E+0
 1,124E-3 -1,461E-1  9,893E-1 -2,954E+1
 1,000E+0  0,000E+0 -1,136E-3  2,027E-2
 0,000E+0  0,000E+0  0,000E+0  1,000E+0

Bone: MD5_spine Matrix N3
 0,000E+0  1,000E+0 -8,017E-6 -1,427E+0
 0,000E+0  9,092E-6  1,000E+0 -3,813E+1
 1,000E+0  0,000E+0  0,000E+0 -2,304E-2
 0,000E+0  0,000E+0  0,000E+0  1,000E+0

Bone: MD5_neck Matrix N4
 1,469E-6  7,527E-1  6,584E-1 -3,506E+1
 2,093E-7 -6,584E-1  7,527E-1 -3,791E+1
 1,000E+0 -9,676E-7 -1,124E-6 -2,298E-2
 0,000E+0  0,000E+0  0,000E+0  1,000E+0

Bone: MD5_upperarm_L Matrix N5
-2,702E-2  9,996E-1  1,051E-6 -4,664E+0
-9,996E-1 -2,702E-2  3,934E-6 -7,877E+0
 4,345E-6 -7,581E-7  1,000E+0 -4,860E+1
 0,000E+0  0,000E+0  0,000E+0  1,000E+0

Bone: MD5_forearm_L Matrix N6
-1,138E-1  9,935E-1  1,267E-6 -6,454E+0
-9,935E-1 -1,138E-1  3,397E-6 -2,030E+1
 3,621E-6 -6,789E-7  1,000E+0 -4,860E+1
 0,000E+0  0,000E+0  0,000E+0  1,000E+0

Bone: MD5_wrist_L Matrix N7
 9,109E-3  1,000E+0  2,499E-4 -2,516E+0
-9,996E-1  9,112E-3 -2,734E-2 -3,071E+1
-2,735E-2 -5,643E-7  9,996E-1 -4,947E+1
 0,000E+0  0,000E+0  0,000E+0  1,000E+0

Bone: MD5_thumb_L Matrix N8
-5,836E-1  7,727E-1 -2,497E-1 -8,770E+0
-7,104E-1 -6,347E-1 -3,039E-1 -6,185E+0
-3,933E-1  1,387E-6  9,194E-1 -5,728E+1
 0,000E+0  0,000E+0  0,000E+0  1,000E+0

Bone: MD5_thm_end_L Matrix N9
-2,788E-1  9,529E-1 -1,193E-1 -4,383E+0
-8,761E-1 -3,032E-1 -3,748E-1 -1,268E+1
-3,933E-1  3,147E-6  9,194E-1 -5,728E+1
 0,000E+0  0,000E+0  0,000E+0  1,000E+0

Bone: MD5_fingers_L Matrix N10
-2,241E-2  9,997E-1  7,755E-3 -4,057E+0
-9,722E-1 -1,998E-2 -2,334E-1 -2,496E+1
-2,332E-1 -1,277E-2  9,723E-1 -5,580E+1
 0,000E+0  0,000E+0  0,000E+0  1,000E+0

Bone: MD5_fingerstip_L Matrix N11
-7,178E-7  1,000E+0  9,872E-7 -2,796E+0
-1,000E+0 -6,997E-7  3,874E-6 -3,974E+1
 3,657E-6 -8,130E-7  1,000E+0 -4,789E+1
 0,000E+0  0,000E+0  0,000E+0  1,000E+0

Bone: MD5_upperarm_R Matrix N12
 3,476E-2  9,994E-1  4,038E-6 -4,839E+0
 9,994E-1 -3,476E-2  3,994E-6 -7,766E+0
 4,345E-6  3,689E-6 -1,000E+0  4,860E+1
 0,000E+0  0,000E+0  0,000E+0  1,000E+0

Bone: MD5_forearm_R Matrix N13
 1,175E-1  9,931E-1  4,366E-6 -6,575E+0
 9,931E-1 -1,175E-1  3,576E-6 -2,067E+1
 3,621E-6  3,734E-6 -1,000E+0  4,860E+1
 0,000E+0  0,000E+0  0,000E+0  1,000E+0

Bone: MD5_wrist_R Matrix N14
 9,402E-7  1,000E+0  3,124E-5 -2,840E+0
 9,987E-1  6,730E-7 -5,185E-2 -2,966E+1
-5,185E-2  3,107E-5 -9,987E-1  5,018E+1
 0,000E+0  0,000E+0  0,000E+0  1,000E+0

Bone: MD5_thumb_R Matrix N15
 5,891E-1  7,597E-1 -2,754E-1 -7,666E+0
 6,882E-1 -6,503E-1 -3,217E-1 -4,591E+0
-4,235E-1 -2,148E-6 -9,059E-1  5,766E+1
 0,000E+0  0,000E+0  0,000E+0  1,000E+0

Bone: MD5_thm_end_R Matrix N16
 2,226E-1  9,693E-1 -1,041E-1 -2,959E+0
 8,781E-1 -2,458E-1 -4,105E-1 -1,130E+1
-4,235E-1 -3,544E-6 -9,059E-1  5,766E+1
 0,000E+0  0,000E+0  0,000E+0  1,000E+0

Bone: MD5_fingers_R Matrix N17
 3,193E-6  1,000E+0  3,926E-6 -2,838E+0
 9,906E-1 -2,646E-6 -1,365E-1 -3,043E+1
-1,365E-1  4,143E-6 -9,906E-1  5,296E+1
 0,000E+0  0,000E+0  0,000E+0  1,000E+0

Bone: MD5_fingerstip_R Matrix N18
 7,040E-7  1,000E+0  3,908E-6 -2,838E+0
 1,000E+0 -7,094E-7  4,053E-6 -3,984E+1
 3,842E-6  3,722E-6 -1,000E+0  4,797E+1
 0,000E+0  0,000E+0  0,000E+0  1,000E+0

Bone: MD5_thigh_R Matrix N19
-2,520E-7 -9,961E-1  8,894E-2 -1,383E+0
 2,252E-6 -8,893E-2 -9,960E-1  3,022E+1
 1,000E+0  0,000E+0  1,997E-6 -5,255E+0
 0,000E+0  0,000E+0  0,000E+0  1,000E+0

Bone: MD5_shin_R Matrix N20
 1,892E-6 -9,952E-1 -9,870E-2  1,845E+0
 1,529E-6  9,872E-2 -9,951E-1  1,711E+1
 1,000E+0  1,721E-6  1,609E-6 -5,255E+0
 0,000E+0  0,000E+0  0,000E+0  1,000E+0

Bone: MD5_ankle_R Matrix N21
 8,941E-7 -5,403E-1  8,415E-1 -1,779E+0
 5,305E-6 -8,416E-1 -5,403E-1  3,019E+0
 1,000E+0  4,905E-6  2,077E-6 -5,255E+0
 0,000E+0  0,000E+0  0,000E+0  1,000E+0

Bone: MD5_toe_R Matrix N22
-6,258E-7 -5,292E-2  9,986E-1 -1,012E+0
 2,193E-5 -9,987E-1 -5,290E-2 -1,818E+0
 1,000E+0  2,187E-5  1,756E-6 -5,255E+0
 0,000E+0  0,000E+0  0,000E+0  1,000E+0

Bone: MD5_tiptoe_R Matrix N23
 6,407E-7  0,000E+0  1,000E+0 -7,329E-1
 0,000E+0 -1,000E+0  1,501E-5 -5,289E+0
 1,000E+0  0,000E+0 -6,388E-7 -5,255E+0
 0,000E+0  0,000E+0  0,000E+0  1,000E+0

Bone: MD5_thigh_L Matrix N24
-2,016E-7 -9,961E-1  8,894E-2 -1,383E+0
 1,801E-6 -8,893E-2 -9,960E-1  3,022E+1
 1,000E+0  0,000E+0  2,012E-6  5,209E+0
 0,000E+0  0,000E+0  0,000E+0  1,000E+0

Bone: MD5_shin_L Matrix N25
-4,925E-7 -9,952E-1 -9,870E-2  1,845E+0
 1,529E-6  9,872E-2 -9,951E-1  1,711E+1
 1,000E+0 -6,501E-7  1,371E-6  5,209E+0
 0,000E+0  0,000E+0  0,000E+0  1,000E+0

Bone: MD5_ankle_L Matrix N26
 5,960E-7 -5,403E-1  8,415E-1 -1,778E+0
 4,768E-6 -8,415E-1 -5,403E-1  3,019E+0
 1,000E+0  4,343E-6  2,057E-6  5,197E+0
 0,000E+0  0,000E+0  0,000E+0  1,000E+0

Bone: MD5_toe_L Matrix N27
-4,038E-6 -5,292E-2  9,986E-1 -1,012E+0
-1,189E-5 -9,987E-1 -5,291E-2 -1,817E+0
 1,000E+0 -1,212E-5  3,411E-6  5,197E+0
 0,000E+0  0,000E+0  0,000E+0  1,000E+0

Bone: MD5_tiptoe_L Matrix N28
 6,407E-7  0,000E+0  1,000E+0 -7,326E-1
 0,000E+0 -1,000E+0  1,405E-5 -5,289E+0
 1,000E+0  0,000E+0 -6,388E-7  5,197E+0
 0,000E+0  0,000E+0  0,000E+0  1,000E+0

Mesh: md5mesh.001
Bone: MD5_neck Matrix N1
 1,469E-6  7,527E-1  6,584E-1 -3,506E+1
 2,093E-7 -6,584E-1  7,527E-1 -3,791E+1
 1,000E+0 -9,676E-7 -1,124E-6 -2,298E-2
 0,000E+0  0,000E+0  0,000E+0  1,000E+0

Bone: MD5_head Matrix N2
 2,015E-5  2,135E-2  9,998E-1 -5,529E+1
 4,699E-5 -9,998E-1  2,135E-2 -3,009E+0
 1,000E+0  4,655E-5 -2,115E-5 -2,179E-2
 0,000E+0  0,000E+0  0,000E+0  1,000E+0

Mesh: md5mesh.002
Bone: MD5_head Matrix N1
 2,015E-5  2,135E-2  9,998E-1 -5,529E+1
 4,699E-5 -9,998E-1  2,135E-2 -3,009E+0
 1,000E+0  4,655E-5 -2,115E-5 -2,179E-2
 0,000E+0  0,000E+0  0,000E+0  1,000E+0

Mesh: md5mesh.003
Bone: MD5_lamp Matrix N1
-1,720E-7 -1,000E+0  0,000E+0 -6,182E+0
-3,625E-6 -2,338E-7 -1,000E+0  4,633E+1
 1,000E+0 -1,898E-7 -3,755E-6  3,975E+1
 0,000E+0  0,000E+0  0,000E+0  1,000E+0

Mesh: md5mesh.004
Bone: MD5_lamp Matrix N1
-1,720E-7 -1,000E+0  0,000E+0 -6,182E+0
-3,625E-6 -2,338E-7 -1,000E+0  4,633E+1
 1,000E+0 -1,898E-7 -3,755E-6  3,975E+1
 0,000E+0  0,000E+0  0,000E+0  1,000E+0

Mesh: md5mesh.005
Bone: MD5_sheath Matrix N1
 7,952E-2 -8,281E-1 -5,549E-1  1,409E+1
 1,175E-1  5,606E-1 -8,197E-1  2,648E+1
 9,899E-1  3,576E-7  1,419E-1 -1,539E+1
 0,000E+0  0,000E+0  0,000E+0  1,000E+0

Bone: MD5_sword Matrix N2
 8,154E-2 -8,262E-1 -5,574E-1  1,418E+1
 1,196E-1  5,633E-1 -8,175E-1  3,742E+1
 9,895E-1  3,204E-6  1,447E-1 -1,561E+1
 0,000E+0  0,000E+0  0,000E+0  1,000E+0

